Name	Eads	Site_Type	Ag	Au	Cu	Ir	Pd	Pt	Rh	Ru	AWF	AEL	AELA	TotEl	AValEl	Avg_Mass	Avg_Adsorption_111	Avg_Adsorption_100	Avg_Charge	ADBND	ACN	CN1	CN2	CN3	CN4
0_15_42	-0.53844	3	1	1	0	0	1	0	0	0	4.86	2.223	1.39	12	4	137.087	-0.5	-0.633	0.082228	-3.180091	4.667	5	4	5	0
0_15_54	-2.22132	1	0	0	0	0	0	1	0	0	5.93	2.28	2.13	10	10	195.08	-1	-1.2	0.241838	-3.042494	5	5	0	0	0
0_1_49	-1.45114	2	1	0	0	0	0	1	0	0	5.095	2.105	1.715	11	5.5	151.475	-0.6	-0.75	0.10263	-3.254564	5	6	4	0	0
0_1_54	-2.17723	1	0	0	0	0	0	1	0	0	5.93	2.28	2.13	10	10	195.08	-1	-1.2	0.241838	-3.042494	5	5	0	0	0
0_29_42	-3.04733	1	0	0	0	1	0	0	0	0	5.67	2.2	1.56	9	9	192.22	-1.2	-1.4	0.148642	-3.48483	8	8	0	0	0
0_29_42_71	-3.04232	2	0	0	0	1	0	0	0	1	5.19	2.2	1.305	17	8.5	146.645	-1.25	-1.45	-0.043004	-3.438837	8	7	9	0	0
0_29_49	-2.55541	3	1	0	0	1	0	1	0	0	5.287	2.137	1.663	20	6.667	165.057	-0.8	-0.967	0.117967	-3.33132	6.333	8	6	5	0
10_11_22	-0.85649	3	0	2	1	0	0	0	0	0	4.95	2.327	1.953	3	1	152.497	-0.433	-0.533	0.123084	-3.097027	5	4	6	5	0
10_11_50	-1.69183	3	0	1	1	0	0	1	0	0	5.227	2.24	1.893	12	4	151.867	-0.633	-0.767	0.134665	-3.221324	6.667	8	5	7	0
10_20_69	-2.71862	1	0	0	0	0	0	0	0	1	4.71	2.2	1.05	8	8	101.07	-1.3	-1.5	-0.24022	-3.606558	8	8	0	0	0
10_20_70	-2.03048	3	0	0	1	0	0	1	0	1	5.097	2.127	1.473	19	6.333	119.9	-0.933	-1.1	-0.07045	-3.351367	8.333	10	6	9	0
10_22_43	-1.29878	2	0	0	1	0	1	0	0	0	4.935	2.05	0.9	11	5.5	84.985	-0.7	-0.85	-0.044235	-2.433964	6.5	8	5	0	0
10_22_43_69	-2.78535	1	0	0	0	0	0	0	0	1	4.71	2.2	1.05	8	8	101.07	-1.3	-1.5	-0.24022	-3.606558	8	8	0	0	0
10_43_69	-2.66238	1	0	0	0	0	0	0	0	1	4.71	2.2	1.05	8	8	101.07	-1.3	-1.5	-0.24022	-3.606558	8	8	0	0	0
11_13_22	-1.21741	2	0	1	1	0	0	0	0	0	4.875	2.22	1.775	2	1	130.26	-0.45	-0.55	-0.005128	-2.776571	5	4	6	0	0
11_13_22_59	-0.93995	3	0	2	1	0	0	0	0	0	4.95	2.327	1.953	3	1	152.497	-0.433	-0.533	0.088947	-2.991233	5	5	6	4	0
11_13_25	-0.64592	3	0	2	1	0	0	0	0	0	4.95	2.327	1.953	3	1	152.497	-0.433	-0.533	0.070843	-3.062287	5.667	7	5	5	0
11_23_25	-1.10917	4	0	1	3	0	0	0	0	0	4.763	2.06	1.508	4	1	96.905	-0.475	-0.575	-0.094831	-2.799055	7	7	8	5	8
11_23_50	-1.39874	3	0	1	1	0	0	1	0	0	5.227	2.24	1.893	12	4	151.867	-0.633	-0.767	0.134665	-3.221324	7.333	9	6	7	0
11_23_50_70	-2.15529	3	0	0	1	0	0	1	0	1	5.097	2.127	1.473	19	6.333	119.9	-0.933	-1.1	-0.07045	-3.351367	8	8	6	10	0
12_39_41	-1.60625	3	0	0	1	0	2	0	0	0	5.03	2.1	0.787	21	7	92.13	-0.767	-0.933	-0.061976	-2.710502	7	6	8	7	0
12_39_52	-1.28619	2	0	0	0	0	1	1	0	0	5.575	2.24	1.345	20	10	150.75	-0.95	-1.15	0.07789	-3.098945	6.5	7	6	0	0
12_41_66	-1.69092	2	0	0	0	0	1	0	1	0	5.1	2.24	0.85	19	9.5	104.665	-1	-1.2	-0.060496	-2.812605	7.5	7	8	0	0
13_25_40	-1.80367	3	0	0	1	0	1	1	0	0	5.267	2.127	1.31	21	7	121.683	-0.8	-0.967	0.003785	-2.73072	8	9	6	9	0
13_36_40	-2.73454	1	0	0	0	1	0	0	0	0	5.67	2.2	1.56	9	9	192.22	-1.2	-1.4	0.110366	-3.576731	7	7	0	0	0
13_36_59	-2.25488	3	0	0	0	1	0	0	2	0	5.21	2.253	1.28	27	9	132.68	-1.133	-1.333	0.033688	-3.226398	8.667	10	8	8	0
14_43_69	-2.55481	2	0	1	0	0	0	0	0	1	4.905	2.37	1.68	9	4.5	149.02	-0.85	-1	0.03739	-3.426074	6.5	8	5	0	0
14_69_71	-2.75049	3	0	0	0	1	0	0	0	2	5.03	2.2	1.22	25	8.333	131.453	-1.267	-1.467	-0.108743	-3.494744	9.333	10	8	10	0
15_42_73	-2.09898	3	0	1	0	0	1	0	0	1	5.01	2.313	1.307	19	6.333	134.82	-0.867	-1.033	0.061309	-3.233368	5.667	4	4	9	0
16_17_46	-1.09349	2	0	1	0	0	1	0	0	0	5.16	2.37	1.435	11	5.5	151.695	-0.65	-0.8	0.098925	-2.881227	5.5	5	6	0	0
16_17_52	-1.67469	1	0	0	0	0	0	1	0	0	5.93	2.28	2.13	10	10	195.08	-1	-1.2	0.171088	-3.213759	6	6	0	0	0
17_46_65	-2.04675	3	1	0	0	0	1	0	1	0	4.82	2.137	1	20	6.667	105.733	-0.733	-0.9	-0.044652	-2.885753	7	8	6	7	0
17_65_66	-2.45402	3	0	0	0	0	0	1	2	0	5.297	2.28	1.47	28	9.333	133.633	-1.067	-1.267	0.014203	-2.897239	8.333	8	9	8	0
18_28_37	-2.19821	1	0	0	0	1	0	0	0	0	5.67	2.2	1.56	9	9	192.22	-1.2	-1.4	0.075495	-3.572942	7	7	0	0	0
18_37_40	-2.02121	2	0	0	0	1	1	0	0	0	5.445	2.2	1.06	19	9.5	149.32	-1.05	-1.25	0.018953	-2.979062	7	5	9	0	0
18_40_53	-1.6704	2	0	0	0	0	1	1	0	0	5.575	2.24	1.345	20	10	150.75	-0.95	-1.15	0.136666	-2.819056	8	6	10	0	0
19_28_37	-2.20469	1	0	0	0	1	0	0	0	0	5.67	2.2	1.56	9	9	192.22	-1.2	-1.4	0.075495	-3.572942	7	7	0	0	0
19_28_64	-1.80238	2	0	0	1	0	0	0	1	0	4.815	2.09	1.19	10	5	83.23	-0.8	-0.95	-0.091852	-2.717264	6.5	8	5	0	0
1_21_49	-2.29366	1	0	0	0	0	0	1	0	0	5.93	2.28	2.13	10	10	195.08	-1	-1.2	0.358206	-2.934335	6	6	0	0	0
20_21_49_50	-1.89364	3	0	0	1	0	0	2	0	0	5.503	2.153	1.833	21	7	151.237	-0.833	-1	0.148681	-2.996681	5.667	7	6	4	0
20_29_49	-2.42224	3	0	0	1	1	0	1	0	0	5.417	2.127	1.643	20	6.667	150.283	-0.9	-1.067	0.081768	-2.987436	7	8	7	6	0
20_29_69	-2.56386	3	0	0	1	1	0	0	0	1	5.01	2.1	1.283	18	6	118.947	-1	-1.167	-0.117708	-3.21151	8	9	8	7	0
20_49_50	-1.66739	3	0	0	1	0	0	2	0	0	5.503	2.153	1.833	21	7	151.237	-0.833	-1	0.139652	-3.044976	7.333	7	9	6	0
20_50_70	-2.16081	3	0	0	1	0	0	1	0	1	5.097	2.127	1.473	19	6.333	119.9	-0.933	-1.1	-0.07045	-3.351367	8.333	8	6	11	0
21_23_50	-1.87675	1	0	0	0	0	0	1	0	0	5.93	2.28	2.13	10	10	195.08	-1	-1.2	0.322295	-3.657451	7	7	0	0	0
21_49_50	-1.88512	2	0	0	0	0	0	2	0	0	5.93	2.28	2.13	20	10	195.08	-1	-1.2	0.340251	-3.295893	7	8	6	0	0
22_59_61	-2.25565	3	0	0	0	1	0	0	2	0	5.21	2.253	1.28	27	9	132.68	-1.133	-1.333	0.033688	-3.226398	8	9	7	8	0
23_24_25	-1.2838	3	0	0	3	0	0	0	0	0	4.65	1.9	1.24	3	1	63.55	-0.5	-0.6	-0.218808	-2.591887	8	9	7	8	0
24_25_53	-1.54544	3	0	0	2	0	0	1	0	0	5.077	2.027	1.537	12	4	107.393	-0.667	-0.8	-0.050034	-2.814209	9	9	10	8	0
24_39_41	-1.63867	3	0	0	1	0	2	0	0	0	5.03	2.1	0.787	21	7	92.13	-0.767	-0.933	-0.061976	-2.710502	7.667	7	8	8	0
24_41_53	-1.78131	3	0	0	1	0	1	1	0	0	5.267	2.127	1.31	21	7	121.683	-0.8	-0.967	0.046768	-2.800101	8.333	9	8	8	0
25_40_53	-1.78092	3	0	0	1	0	1	1	0	0	5.267	2.127	1.31	21	7	121.683	-0.8	-0.967	0.003785	-2.73072	8.333	9	6	10	0
26_42_48	-1.17119	3	0	0	1	0	2	0	0	0	5.03	2.1	0.787	21	7	92.13	-0.767	-0.933	-0.00705	-2.491545	6	9	4	5	0
26_47_68	-2.38255	3	0	0	1	0	1	0	1	0	4.95	2.127	0.98	20	6.667	90.96	-0.833	-1	-0.03723	-2.484449	7.667	6	10	7	0
26_48_68	-1.85387	3	0	0	1	0	1	0	1	0	4.95	2.127	0.98	20	6.667	90.96	-0.833	-1	-0.050114	-2.49914	7.333	6	11	5	0
29_69_71	-2.75494	3	0	0	0	1	0	0	0	2	5.03	2.2	1.22	25	8.333	131.453	-1.267	-1.467	-0.108743	-3.494744	9.333	8	10	10	0
2_18_53	-1.72265	2	0	0	0	0	1	1	0	0	5.575	2.24	1.345	20	10	150.75	-0.95	-1.15	0.136666	-2.819056	8.5	7	10	0	0
2_18_56	-1.83605	1	0	0	0	0	0	1	0	0	5.93	2.28	2.13	10	10	195.08	-1	-1.2	0.236184	-2.939699	5	5	0	0	0
2_41_53	-1.78942	3	0	0	1	0	1	1	0	0	5.267	2.127	1.31	21	7	121.683	-0.8	-0.967	0.046768	-2.800101	7.667	8	7	8	0
2_41_56	-1.93874	3	0	0	0	0	1	1	1	0	5.377	2.253	1.277	29	9.667	134.803	-1	-1.2	0.038397	-2.85497	7.667	6	9	8	0
35_47_68	-2.67859	2	0	0	0	1	0	0	1	0	5.325	2.24	1.35	18	9	147.565	-1.15	-1.35	0.085511	-3.017755	6.5	6	7	0	0
36_37_40	-2.35064	3	0	0	0	2	1	0	0	0	5.52	2.2	1.227	28	9.333	163.62	-1.1	-1.3	0.049424	-3.178285	7.667	7	7	9	0
36_59_61	-2.30134	3	0	0	0	1	0	0	2	0	5.21	2.253	1.28	27	9	132.68	-1.133	-1.333	0.033688	-3.226398	8.667	9	8	9	0
38_48_57	-2.48511	2	0	0	0	1	0	1	0	0	5.8	2.24	1.845	19	9.5	193.65	-1.1	-1.3	0.211439	-3.182602	7.5	6	9	0	0
38_48_73	-2.50155	2	0	0	0	1	0	0	0	1	5.19	2.2	1.305	17	8.5	146.645	-1.25	-1.45	-0.041725	-3.642767	8.5	10	7	0	0
3_14_71	-3.06239	1	0	0	0	0	0	0	0	1	4.71	2.2	1.05	8	8	101.07	-1.3	-1.5	-0.23465	-3.392844	8	8	0	0	0
3_26_42	-0.978	3	1	0	1	0	1	0	0	0	4.71	2.01	1.033	12	4	92.613	-0.533	-0.667	-0.041127	-2.89697	6	9	5	4	0
3_26_47	-1.4478	3	0	0	1	0	1	0	1	0	4.95	2.127	0.98	20	6.667	90.96	-0.833	-1	-0.03723	-2.484449	6.333	6	8	5	0
3_42_71	-3.05747	1	0	0	0	0	0	0	0	1	4.71	2.2	1.05	8	8	101.07	-1.3	-1.5	-0.23465	-3.392844	8	8	0	0	0
3_4_14_47	-1.68792	1	0	0	0	0	1	0	0	0	5.22	2.2	0.56	10	10	106.42	-0.9	-1.1	0.113898	-2.241036	5	5	0	0	0
41_56_66	-1.96528	2	0	0	0	0	0	1	1	0	5.455	2.28	1.635	19	9.5	148.995	-1.05	-1.25	0.043383	-3.026593	8	8	8	0	0
48_57_68	-2.02258	3	0	0	0	0	1	1	1	0	5.377	2.253	1.277	29	9.667	134.803	-1	-1.2	0.12132	-2.569718	6.667	7	7	6	0
4_14_43	-1.30455	2	1	0	0	0	1	0	0	0	4.74	2.065	0.93	11	5.5	107.145	-0.55	-0.7	0.026446	-2.974772	6	8	4	0	0
4_35_47	-2.10606	3	1	0	0	1	1	0	0	0	5.05	2.11	1.14	20	6.667	135.503	-0.767	-0.933	0.068187	-2.959079	6.667	6	5	9	0
4_35_61	-2.37714	2	0	0	0	1	0	0	1	0	5.325	2.24	1.35	18	9	147.565	-1.15	-1.35	0.084239	-3.076785	7.5	7	8	0	0
4_43_61	-2.04649	2	0	0	0	0	1	0	1	0	5.1	2.24	0.85	19	9.5	104.665	-1	-1.2	0.065354	-2.733457	7	7	7	0	0
56_65_66	-2.39297	3	0	0	0	0	0	1	2	0	5.297	2.28	1.47	28	9.333	133.633	-1.067	-1.267	0.014203	-2.897239	8.667	9	9	8	0
57_58_68	-2.32259	2	0	0	0	0	0	1	1	0	5.455	2.28	1.635	19	9.5	148.995	-1.05	-1.25	0.144357	-2.712021	6.5	6	7	0	0
58_64_67	-2.14597	3	0	0	0	0	0	1	2	0	5.297	2.28	1.47	28	9.333	133.633	-1.067	-1.267	0.087665	-3.182815	7.667	8	6	9	0
58_67_68	-2.64002	2	0	0	0	0	0	0	2	0	4.98	2.28	1.14	18	9	102.91	-1.1	-1.3	0.006075	-2.715778	6	6	6	0	0
5_15_38_73	-2.05778	2	0	0	0	0	1	0	0	1	4.965	2.2	0.805	18	9	103.745	-1.1	-1.3	-0.07023	-3.009868	7.5	10	5	0	0
5_15_54	-2.14711	1	0	0	0	0	0	1	0	0	5.93	2.28	2.13	10	10	195.08	-1	-1.2	0.241838	-3.042494	5	5	0	0	0
5_15_73	-2.09184	2	0	1	0	0	0	0	0	1	4.905	2.37	1.68	9	4.5	149.02	-0.85	-1	0.028322	-3.556571	6.5	4	9	0	0
5_16_46	-1.74637	1	0	0	0	0	1	0	0	0	5.22	2.2	0.56	10	10	106.42	-0.9	-1.1	0.028486	-2.568925	6	6	0	0	0
5_16_54	-2.22896	1	0	0	0	0	0	1	0	0	5.93	2.28	2.13	10	10	195.08	-1	-1.2	0.241838	-3.042494	5	5	0	0	0
5_38_46	-2.73095	1	0	0	0	1	0	0	0	0	5.67	2.2	1.56	9	9	192.22	-1.2	-1.4	0.132253	-3.55091	9	9	0	0	0
6_19_36_37	-2.6907	1	0	0	0	1	0	0	0	0	5.67	2.2	1.56	9	9	192.22	-1.2	-1.4	0.110366	-3.576731	8	8	0	0	0
6_19_37	-2.30325	3	0	0	0	2	1	0	0	0	5.52	2.2	1.227	28	9.333	163.62	-1.1	-1.3	0.049424	-3.178285	7.333	6	7	9	0
6_19_64	-2.47903	1	0	0	0	0	0	0	1	0	4.98	2.28	1.14	9	9	102.91	-1.1	-1.3	0.014058	-2.82181	6	6	0	0	0
6_35_61	-2.35845	2	0	0	0	1	0	0	1	0	5.325	2.24	1.35	18	9	147.565	-1.15	-1.35	0.084239	-3.076785	7.5	7	8	0	0
6_35_67	-2.67716	2	0	0	0	1	0	0	1	0	5.325	2.24	1.35	18	9	147.565	-1.15	-1.35	0.085511	-3.017755	7	6	8	0	0
6_36_37	-2.73006	1	0	0	0	1	0	0	0	0	5.67	2.2	1.56	9	9	192.22	-1.2	-1.4	0.110366	-3.576731	8	8	0	0	0
6_36_61	-2.39469	2	0	0	0	1	0	0	1	0	5.325	2.24	1.35	18	9	147.565	-1.15	-1.35	0.06094	-3.258301	7.5	8	7	0	0
6_64_67	-2.31763	2	0	0	0	0	0	0	2	0	4.98	2.28	1.14	18	9	102.91	-1.1	-1.3	0.012429	-2.97217	7	8	6	0	0
8_18_28_56	-1.75563	2	0	0	1	0	0	1	0	0	5.29	2.09	1.685	11	5.5	129.315	-0.75	-0.9	0.02084	-2.625847	6	6	6	0	0
8_28_58_64	-1.7812	1	0	0	0	0	0	0	1	0	4.98	2.28	1.14	9	9	102.91	-1.1	-1.3	0.0108	-3.122531	8	8	0	0	0
8_28_64	-2.23062	1	0	0	0	0	0	0	1	0	4.98	2.28	1.14	9	9	102.91	-1.1	-1.3	0.0108	-3.122531	7	7	0	0	0
8_56_65	-2.12364	1	0	0	0	0	0	0	1	0	4.98	2.28	1.14	9	9	102.91	-1.1	-1.3	-0.044156	-2.638533	8	8	0	0	0
8_58_64	-2.01892	3	0	0	0	0	0	1	2	0	5.297	2.28	1.47	28	9.333	133.633	-1.067	-1.267	0.087665	-3.182815	8	8	8	8	0
8_9_58	-1.95646	2	0	0	0	0	0	2	0	0	5.93	2.28	2.13	20	10	195.08	-1	-1.2	0.26438	-3.2092	6.5	6	7	0	0
8_9_65	-2.12861	1	0	0	0	0	0	0	1	0	4.98	2.28	1.14	9	9	102.91	-1.1	-1.3	-0.044156	-2.638533	8	8	0	0	0
9_38_46	-2.25361	2	0	0	0	1	1	0	0	0	5.445	2.2	1.06	19	9.5	149.32	-1.05	-1.25	0.08037	-3.059918	7	6	8	0	0
9_38_46_57	-2.58645	1	0	0	0	1	0	0	0	0	5.67	2.2	1.56	9	9	192.22	-1.2	-1.4	0.132253	-3.55091	9	9	0	0	0
9_38_57	-2.53376	2	0	0	0	1	0	1	0	0	5.8	2.24	1.845	19	9.5	193.65	-1.1	-1.3	0.211439	-3.182602	7.5	9	6	0	0
9_46_65	-2.08843	3	1	0	0	0	1	0	1	0	4.82	2.137	1	20	6.667	105.733	-0.733	-0.9	-0.044652	-2.885753	7	8	6	7	0
9_57_58	-1.49838	2	0	0	0	0	0	2	0	0	5.93	2.28	2.13	20	10	195.08	-1	-1.2	0.26438	-3.2092	6.5	5	8	0	0
1	-0.50558	1	1	0	0	0	0	0	0	0	4.26	1.93	1.3	1	1	107.87	-0.2	-0.3	-0.152947	-3.574794	4	4	0	0	0
10	-0.87719	1	0	1	0	0	0	0	0	0	5.1	2.54	2.31	1	1	196.97	-0.4	-0.5	0.29982	-3.529636	5	5	0	0	0
11	-0.87634	1	0	1	0	0	0	0	0	0	5.1	2.54	2.31	1	1	196.97	-0.4	-0.5	0.277099	-3.420558	5	5	0	0	0
12	-0.89163	1	0	1	0	0	0	0	0	0	5.1	2.54	2.31	1	1	196.97	-0.4	-0.5	0.201355	-3.029573	4	4	0	0	0
13	-0.95285	1	0	1	0	0	0	0	0	0	5.1	2.54	2.31	1	1	196.97	-0.4	-0.5	0.197409	-3.212255	5	5	0	0	0
14	-0.9023	1	0	1	0	0	0	0	0	0	5.1	2.54	2.31	1	1	196.97	-0.4	-0.5	0.315001	-3.24559	6	6	0	0	0
15	-0.76047	1	0	1	0	0	0	0	0	0	5.1	2.54	2.31	1	1	196.97	-0.4	-0.5	0.272348	-3.378517	5	5	0	0	0
16	-0.79247	1	0	1	0	0	0	0	0	0	5.1	2.54	2.31	1	1	196.97	-0.4	-0.5	0.12737	-3.377355	4	4	0	0	0
17	-0.87562	1	0	1	0	0	0	0	0	0	5.1	2.54	2.31	1	1	196.97	-0.4	-0.5	0.169365	-3.193528	5	5	0	0	0
18	-0.82664	1	0	1	0	0	0	0	0	0	5.1	2.54	2.31	1	1	196.97	-0.4	-0.5	0.230085	-3.226031	5	5	0	0	0
19	-0.94018	1	0	0	1	0	0	0	0	0	4.65	1.9	1.24	1	1	63.55	-0.5	-0.6	-0.261545	-2.543143	6	6	0	0	0
2	-0.65736	1	1	0	0	0	0	0	0	0	4.26	1.93	1.3	1	1	107.87	-0.2	-0.3	-0.1124	-3.567299	4	4	0	0	0
20	-1.21446	1	0	0	1	0	0	0	0	0	4.65	1.9	1.24	1	1	63.55	-0.5	-0.6	-0.234459	-2.398256	5	5	0	0	0
21	-1.04194	1	0	0	1	0	0	0	0	0	4.65	1.9	1.24	1	1	63.55	-0.5	-0.6	-0.207666	-2.340886	6	6	0	0	0
22	-0.92601	1	0	0	1	0	0	0	0	0	4.65	1.9	1.24	1	1	63.55	-0.5	-0.6	-0.195398	-2.585964	7	7	0	0	0
23	-1.06601	1	0	0	1	0	0	0	0	0	4.65	1.9	1.24	1	1	63.55	-0.5	-0.6	-0.194503	-2.311996	6	6	0	0	0
24	-1.64632	1	0	0	0	0	1	0	0	0	5.22	2.2	0.56	10	10	106.42	-0.9	-1.1	-0.037589	-2.385182	6	6	0	0	0
25	-1.21777	1	0	0	0	0	1	0	0	0	5.22	2.2	0.56	10	10	106.42	-0.9	-1.1	0.127282	-2.586961	5	5	0	0	0
26	-1.68034	1	0	0	0	0	1	0	0	0	5.22	2.2	0.56	10	10	106.42	-0.9	-1.1	0.113898	-2.241036	5	5	0	0	0
27	-1.49286	1	0	0	0	0	1	0	0	0	5.22	2.2	0.56	10	10	106.42	-0.9	-1.1	0.075245	-2.285111	6	6	0	0	0
28	-2.26451	1	0	0	0	0	0	1	0	0	5.93	2.28	2.13	10	10	195.08	-1	-1.2	0.358206	-2.934335	6	6	0	0	0
29	-1.81523	1	0	0	0	0	0	1	0	0	5.93	2.28	2.13	10	10	195.08	-1	-1.2	0.171088	-3.213759	7	7	0	0	0
3	-0.63765	1	1	0	0	0	0	0	0	0	4.26	1.93	1.3	1	1	107.87	-0.2	-0.3	-0.131596	-3.314814	5	5	0	0	0
30	-2.02682	1	0	0	0	0	0	1	0	0	5.93	2.28	2.13	10	10	195.08	-1	-1.2	0.290624	-2.814295	5	5	0	0	0
31	-2.50006	1	0	0	0	0	0	0	1	0	4.98	2.28	1.14	9	9	102.91	-1.1	-1.3	0.014058	-2.82181	6	6	0	0	0
32	-2.5095	1	0	0	0	0	0	0	1	0	4.98	2.28	1.14	9	9	102.91	-1.1	-1.3	-0.001909	-2.609747	5	5	0	0	0
33	-0.73087	1	0	1	0	0	0	0	0	0	5.1	2.54	2.31	1	1	196.97	-0.4	-0.5	0.222553	-3.438307	6	6	0	0	0
34	-1.61765	2	0	0	1	0	1	0	0	0	4.935	2.05	0.9	11	5.5	84.985	-0.7	-0.85	-0.085309	-2.573687	8	8	8	0	0
35	-0.70749	2	0	1	1	0	0	0	0	0	4.875	2.22	1.775	2	1	130.26	-0.45	-0.55	-0.032285	-2.883151	6	7	5	0	0
36	-0.85733	3	1	0	1	0	1	0	0	0	4.71	2.01	1.033	12	4	92.613	-0.533	-0.667	-0.045589	-2.781661	6.667	5	10	5	0
37	-3.07498	1	0	0	0	1	0	0	0	0	5.67	2.2	1.56	9	9	192.22	-1.2	-1.4	0.148642	-3.48483	8	8	0	0	0
38	-2.51565	1	0	0	0	1	0	0	0	0	5.67	2.2	1.56	9	9	192.22	-1.2	-1.4	0.156964	-3.213699	7	7	0	0	0
39	-2.75141	1	0	0	0	1	0	0	0	0	5.67	2.2	1.56	9	9	192.22	-1.2	-1.4	0.110366	-3.576731	8	8	0	0	0
4	-0.46906	1	1	0	0	0	0	0	0	0	4.26	1.93	1.3	1	1	107.87	-0.2	-0.3	-0.026986	-3.501385	4	4	0	0	0
40	-2.65738	1	0	0	0	1	0	0	0	0	5.67	2.2	1.56	9	9	192.22	-1.2	-1.4	0.132253	-3.55091	8	8	0	0	0
41	-1.61774	1	0	0	0	0	1	0	0	0	5.22	2.2	0.56	10	10	106.42	-0.9	-1.1	-0.015309	-2.984131	7	7	0	0	0
42	-1.62388	1	0	0	0	0	1	0	0	0	5.22	2.2	0.56	10	10	106.42	-0.9	-1.1	0.028427	-2.511724	7	7	0	0	0
43	-1.33003	1	0	0	0	0	1	0	0	0	5.22	2.2	0.56	10	10	106.42	-0.9	-1.1	0.119195	-2.527042	6	6	0	0	0
44	-1.48269	2	0	1	0	0	1	0	0	0	5.16	2.37	1.435	11	5.5	151.695	-0.65	-0.8	0.098925	-2.881227	6	6	6	0	0
45	-2.10011	2	0	0	1	0	0	1	0	0	5.29	2.09	1.685	11	5.5	129.315	-0.75	-0.9	0.030375	-3.100297	6.5	6	7	0	0
46	-1.70865	1	0	0	0	0	0	1	0	0	5.93	2.28	2.13	10	10	195.08	-1	-1.2	0.241838	-3.042494	5	5	0	0	0
47	-1.79265	1	0	0	0	0	0	1	0	0	5.93	2.28	2.13	10	10	195.08	-1	-1.2	0.236184	-2.939699	5	5	0	0	0
48	-1.44485	2	0	0	0	0	0	2	0	0	5.93	2.28	2.13	20	10	195.08	-1	-1.2	0.26438	-3.2092	6.5	5	8	0	0
49	-2.22854	1	0	0	0	0	0	0	1	0	4.98	2.28	1.14	9	9	102.91	-1.1	-1.3	0.011514	-2.939872	7	7	0	0	0
5	-0.42891	1	1	0	0	0	0	0	0	0	4.26	1.93	1.3	1	1	107.87	-0.2	-0.3	-0.066302	-3.422503	5	5	0	0	0
50	-2.13787	1	0	0	0	0	0	0	1	0	4.98	2.28	1.14	9	9	102.91	-1.1	-1.3	-0.044156	-2.638533	7	7	0	0	0
51	-2.54233	1	0	0	0	0	0	0	0	1	4.71	2.2	1.05	8	8	101.07	-1.3	-1.5	-0.24022	-3.606558	8	8	0	0	0
52	-1.97187	2	0	0	0	0	1	0	0	1	4.965	2.2	0.805	18	9	103.745	-1.1	-1.3	-0.07023	-3.009868	7.5	10	5	0	0
53	-2.04566	2	0	0	0	1	0	1	0	0	5.8	2.24	1.845	19	9.5	193.65	-1.1	-1.3	0.076018	-3.606763	7.5	8	7	0	0
6	-0.44881	1	1	0	0	0	0	0	0	0	4.26	1.93	1.3	1	1	107.87	-0.2	-0.3	-0.135755	-3.505653	3	3	0	0	0
7	-0.42658	1	1	0	0	0	0	0	0	0	4.26	1.93	1.3	1	1	107.87	-0.2	-0.3	-0.155135	-3.580608	4	4	0	0	0
8	-0.62982	1	1	0	0	0	0	0	0	0	4.26	1.93	1.3	1	1	107.87	-0.2	-0.3	-0.072733	-3.533158	5	5	0	0	0
9	-0.46019	1	1	0	0	0	0	0	0	0	4.26	1.93	1.3	1	1	107.87	-0.2	-0.3	-0.118285	-3.449802	6	6	0	0	0

